Level: 4
ExistingCoins: 29
CurrentMapLevel: 3
PlayerX: 248.72077938642042
PlayerY: 91.72077938642205
Defeated: 1-1
Defeated: 2-2
Defeated: 3-3
