Level: 1
ExistingCoins: 0
CurrentMapLevel: 1
PlayerX: 280.40855018384934
PlayerY: 1159.4085501838658
